LAST_SEEN_VERSION=26.406.31014
LAST_SEEN_SHA256=571895e9391b0b2f1070f509e7388dcf33e7fc6492f9049f224228bbde327ba0
LAST_RELEASE_TAG=v26.406.31014-x64-20260409
LAST_CHECKED_AT_UTC=2026-04-10T04:08:42Z
LAST_ACTION=no_update
