LAST_SEEN_VERSION=26.415.40636
LAST_SEEN_SHA256=7414480fe2a3195ee29a1ad9b8c23346cc257b09dcdd087ca050ba0d068d0e6f
LAST_RELEASE_TAG=v26.415.40636-x64-20260419
LAST_CHECKED_AT_UTC=2026-04-19T04:14:57Z
LAST_ACTION=released
