LAST_SEEN_VERSION=26.422.21637
LAST_SEEN_SHA256=6e733818af68baa0e1c30afbac877a4f18401b094766f1acba0cc10d1e33270c
LAST_RELEASE_TAG=v26.422.21637-x64-20260424
LAST_CHECKED_AT_UTC=2026-04-24T01:56:44Z
LAST_ACTION=released
