LAST_SEEN_VERSION=26.415.30602
LAST_SEEN_SHA256=12217f7fc7e7a40dcff77fd5b30aad38ae9cbbab1fb49ca8cab3acafe0d13ebc
LAST_RELEASE_TAG=v26.415.30602-x64-20260418
LAST_CHECKED_AT_UTC=2026-04-18T03:48:43Z
LAST_ACTION=released
