LAST_SEEN_VERSION=26.325.31654
LAST_SEEN_SHA256=681a12ac481a3100fbf402c51e156830c65a0bf6f6cc51885e68df74686bdb7b
LAST_RELEASE_TAG=v26.325.31654-x64-20260328
LAST_CHECKED_AT_UTC=2026-04-05T03:54:16Z
LAST_ACTION=no_update
