LAST_SEEN_VERSION=26.415.21839
LAST_SEEN_SHA256=4fcad35da96dfc5be72af6c7368bc8b4aaf23907680b2f5ddd1b3672b0f42f45
LAST_RELEASE_TAG=v26.415.21839-x64-20260417
LAST_CHECKED_AT_UTC=2026-04-17T04:12:29Z
LAST_ACTION=released
