LAST_SEEN_VERSION=26.417.41555
LAST_SEEN_SHA256=65d3114117f1f03157e2968358e7c1bbaca48f3fe4a9bc9b71fc6f719e9702eb
LAST_RELEASE_TAG=v26.417.41555-x64-20260421
LAST_CHECKED_AT_UTC=2026-04-21T04:12:33Z
LAST_ACTION=released
